Params: [0.4131356591681545, 0.0026002576641858026, 0.0029281636016574887, 15.199284999889935, 0.5854386840976835, 0.20672269117299452, 0.7302678611101524, 0.17512690343046558]
Moments: [0.10100972883982959, 0.12393250848831609, 0.24376125747890634, 0.09617121693776308, 0.46597505501914405, 1.9491136695906432, 0.4084921667904625, 0.5344, 0.3362, 0.1111, 0.0173]
Avg Export Sales: 22.43


Params: 0.00878653171448648, 0.019795126040611975, 8.799068573019023, 0.675837136146316

Iter 5: [1.4368086231078077, 0.05356188926722612 0.2694269799554 0.33909072095964676 2.343910827076921 0.15462870358483904 0.9405617925932246 0.5233976720434121]

Error & Params: [0.2157, 0.01680126916163934; 0.08333921471830998; 4.8684113046951145; 0.40000926856236735; 0.15393209180615994; 0.6862088736981513; 0.1831055192502665]
Moments: [0.1, 0.12, 0.18, 0.096, 0.43, 1.71, 0.4]
Untargeted: 0.6848, 0.2532, 0.0548, 0.0068
Non-Exporters: 0.27
Avg. Export Sales: 12.77
